138 195
138 196
138 197
138 198
139 194
139 195
139 196
139 197
139 198
141 186
141 187
141 188
144 176
144 177
144 178
145 173
145 174
145 175
146 169
146 170
146 171
146 172
147 166
147 167
147 168
148 163
148 164
148 165
149 159
149 160
149 161
150 156
150 157
150 158
151 152
151 153
151 154
152 149
152 150
152 151
153 146
153 147
153 148
154 142
154 143
154 144
155 139
155 140
155 141
156 135
156 136
156 137
157 132
157 133
157 134
158 128
158 129
158 130
158 131
159 125
159 126
159 127
160 122
160 123
160 124
161 118
161 119
161 120
161 121
162 115
162 116
162 117
163 111
163 112
163 113
163 114
164 108
164 109
164 110
165 105
165 106
165 107
166 101
166 102
166 103
166 104
167 98
167 99
167 100
168 95
168 96
168 97
169 91
169 92
169 93
170 88
170 89
170 90
171 85
171 86
171 87
172 81
172 82
172 83
173 78
173 79
173 80
174 75
174 76
