133 196
133 197
133 198
134 194
134 195
134 196
134 197
134 198
134 199
136 187
136 188
136 189
136 190
136 191
137 185
138 180
138 181
138 182
138 183
139 179
139 180
139 181
140 175
140 176
141 170
141 171
141 172
141 173
142 167
142 168
142 169
142 170
143 164
143 165
143 166
144 161
144 162
144 163
145 157
145 158
145 159
146 154
146 155
146 156
147 151
147 152
148 147
148 148
148 149
149 144
149 145
150 141
151 137
151 138
152 134
153 130
154 127
155 123
156 119
156 120
157 115
157 116
157 117
158 112
158 113
159 108
159 109
159 110
160 105
160 106
160 107
161 102
161 103
162 98
162 99
162 100
163 95
163 96
163 97
164 92
164 93
164 94
165 90
