129 194
129 195
129 196
129 197
129 198
131 186
131 187
131 188
131 189
131 190
133 180
133 181
133 182
133 183
135 173
135 174
135 175
135 176
136 172
136 173
137 167
137 168
137 169
138 164
138 165
138 166
139 160
139 161
139 162
139 163
140 157
140 158
140 159
141 154
141 155
141 156
142 150
142 151
142 152
143 147
143 148
143 149
144 144
144 145
144 146
145 141
145 142
146 137
146 138
146 139
147 134
147 135
148 130
148 131
149 126
149 127
150 123
150 124
151 119
151 120
152 116
152 117
153 113
153 114
154 110
154 111
155 107
