







































































































104 197
104 198
104 199

105 194
105 199

106 193



109 195
109 196
109 197
109 198

110 191
110 197

111 190
111 191
111 192

112 185
112 186
112 187

113 186

114 180
114 181
114 182
114 194
114 195
114 196
114 197
114 198
114 199

115 177

116 188
116 189
116 190
116 191

117 184
117 185
117 190

118 183
118 184
118 185

119 178
119 179
119 180
119 195
119 196
119 197
119 198
119 199

120 175

121 173
121 174
121 175
121 187
121 188
121 189
121 190
121 191

122 169
122 170
122 188

123 165
123 166
123 181
123 182
123 183
123 184

124 162
124 163
124 177
124 178
124 194
124 195
124 196
124 197
124 198
124 199

125 159
125 160
125 176
125 177
125 178

126 171
126 172
126 173
126 187
126 188
126 189
126 190

127 168
127 169
127 189
127 190

128 166
128 167
128 180
128 181
128 182
128 183

129 161
129 162
129 163
129 194
129 195
129 196
129 197
129 198

130 159
130 160
130 174
130 175
130 176
130 177

131 155
131 156
131 157
131 170
131 171
131 186
131 187
131 188
131 189
131 190

132 150
132 151
132 152
132 153
132 169
132 170
132 171

133 148
133 149
133 164
133 165
133 166
133 180
133 181
133 182
133 183
133 196
133 197
133 198

134 144
134 145
134 146
134 161
134 162
134 163
134 194
134 195
134 196
134 197
134 198
134 199

135 142
135 158
135 159
135 160
135 173
135 174
135 175
135 176

136 154
136 155
136 156
136 172
136 173
136 187
136 188
136 189
136 190
136 191

137 151
137 152
137 153
137 167
137 168
137 169
137 185

138 148
138 149
138 164
138 165
138 166
138 180
138 181
138 182
138 183
138 195
138 196
138 197
138 198

139 144
139 145
139 146
139 160
139 161
139 162
139 163
139 179
139 180
139 181
139 194
139 195
139 196
139 197
139 198

140 141
140 142
140 157
140 158
140 159
140 175
140 176

141 136
141 137
141 138
141 154
141 155
141 156
141 170
141 171
141 172
141 173
141 186
141 187
141 188

142 134
142 150
142 151
142 152
142 167
142 168
142 169
142 170

143 130
143 131
143 132
143 147
143 148
143 149
143 164
143 165
143 166

144 127
144 128
144 144
144 145
144 146
144 161
144 162
144 163
144 176
144 177
144 178

145 141
145 142
145 157
145 158
145 159
145 173
145 174
145 175

146 137
146 138
146 139
146 154
146 155
146 156
146 169
146 170
146 171
146 172

147 134
147 135
147 151
147 152
147 166
147 167
147 168

148 130
148 131
148 147
148 148
148 149
148 163
148 164
148 165

149 126
149 127
149 144
149 145
149 159
149 160
149 161

150 123
150 124
150 141
150 156
150 157
150 158

151 119
151 120
151 137
151 138
151 152
151 153
151 154

152 116
152 117
152 134
152 149
152 150
152 151

153 113
153 114
153 130
153 146
153 147
153 148

154 110
154 111
154 127
154 142
154 143
154 144

155 107
155 123
155 139
155 140
155 141

156 119
156 120
156 135
156 136
156 137

157 115
157 116
157 117
157 132
157 133
157 134

158 112
158 113
158 128
158 129
158 130
158 131

159 108
159 109
159 110
159 125
159 126
159 127

160 105
160 106
160 107
160 122
160 123
160 124

161 102
161 103
161 118
161 119
161 120
161 121

162 98
162 99
162 100
162 115
162 116
162 117

163 95
163 96
163 97
163 111
163 112
163 113
163 114

164 92
164 93
164 94
164 108
164 109
164 110

165 90
165 105
165 106
165 107

166 101
166 102
166 103
166 104

167 98
167 99
167 100

168 95
168 96
168 97

169 91
169 92
169 93

170 88
170 89
170 90

171 85
171 86
171 87

172 81
172 82
172 83

173 78
173 79
173 80

174 75
174 76





179 74

180 70

181 66
181 67

182 63
182 64

183 60

















