







































































































104 198
104 199

105 198
105 199




109 196
109 197

110 196
110 197
110 198
110 199

111 197
111 198
111 199


113 194

114 193
114 194
114 195
114 196

115 193
115 194
115 195
115 196

116 198
116 199


118 191

119 192
119 193
119 194
119 195
119 196

120 193
120 194
120 195
120 196


122 198
122 199

123 188
123 189
123 190
123 191
123 192
123 198
123 199

124 188
124 189
124 191
124 192
124 193
124 194
124 195

125 193
125 194
125 195



128 189
128 190
128 191
128 192
128 197
128 198
128 199

129 189
129 190
129 191
129 192
129 197
129 198
129 199


131 185
131 186
131 187

132 185
132 186
132 187
132 188
132 194

133 187
133 188
133 189
133 190
133 191
133 192
133 193
133 194
133 199

134 181
134 182
134 183
134 189
134 190
134 191
134 197
134 198
134 199

135 181
135 182
135 183
135 198
135 199


137 185
137 186
137 187
137 193
137 194
137 195

138 185
138 186
138 187
138 193
138 194
138 195
138 196


140 181
140 182
140 190
140 191
140 197
140 198
140 199

141 181
141 182
141 198
141 199

142 186
142 187

143 177
143 185
143 186
143 187
143 193
143 194
143 195

144 176
144 177
144 185
144 193
144 194
144 195


146 189
146 190
146 191
146 198
146 199

147 180

148 179
148 180

149 178
149 185
149 186
149 194
149 195

150 176
150 185
150 193

151 174
151 175
151 182
151 183
151 198

152 173
152 174
152 181
152 182
152 198
152 199

153 172
153 180
153 181
153 188
153 189

154 171
154 178
154 179
154 187
154 188

155 177
155 178
155 185
155 186
155 194

156 176
156 184
156 185

157 174
157 175
157 183
157 184
157 190
157 191

158 173
158 181
158 182
158 190

159 172
159 180
159 181

160 170
160 171
160 178
160 179
160 186
160 187

161 169
161 177
161 178

162 168
162 176

163 166
163 175
163 182

164 165
164 173
164 181

165 172

166 170
166 171

167 169

168 168

169 166

170 165

171 163

172 162


174 159


176 164


178 161


180 158

181 157

182 155

183 154

















