137 194
137 195
137 196
138 195
139 185
140 181
142 169
142 170
148 138
149 133
150 127
150 128
151 122
151 123
152 116
152 117
152 118
153 111
153 112
153 113
154 105
154 106
154 107
155 100
155 101
155 102
156 95
156 96
156 97
157 89
157 90
157 91
157 92
158 84
158 85
158 86
158 87
159 79
159 80
159 81
159 82
160 73
160 74
160 75
160 76
161 68
161 69
161 70
161 71
162 63
162 64
162 65
162 66
163 58
163 59
163 60
163 61
164 53
164 54
164 55
165 47
165 48
165 49
165 50
166 42
166 43
166 44
166 45
166 46
167 38
167 39
167 40
168 31
168 32
168 33
169 25
169 26
169 27
169 28
169 29
170 21
170 22
170 23
170 24
170 25
171 17
171 18
171 19
171 20
171 21
172 14
172 15
172 16
