133 192
133 193
133 194
133 195
133 196
133 197
133 198
134 187
134 188
135 182
135 183
135 184
135 185
136 176
136 177
136 178
136 179
137 172
137 173
137 174
138 165
138 166
138 167
138 168
138 169
139 160
139 161
139 162
139 163
139 164
140 155
140 156
140 157
140 158
141 150
141 151
141 152
141 153
142 145
142 146
142 147
142 148
143 139
143 140
143 141
143 142
144 134
144 135
144 136
144 137
145 129
145 130
145 131
145 132
146 124
146 125
146 126
147 119
147 120
147 121
148 114
148 115
148 116
149 109
149 110
150 104
150 105
151 99
159 55
160 48
161 43
161 44
161 45
161 46
162 39
162 40
162 41
164 28
164 29
164 30
165 24
165 25
165 26
166 21
