






































































































103 198

104 197
104 198
104 199

105 192
105 193



108 195
108 196

109 195
109 196
109 197
109 198

110 190
110 191

111 185
111 186

112 180
112 181

113 172
113 194
113 197

114 168
114 193
114 194
114 195
114 196
114 198

115 187
115 188
115 189
115 190

116 182
116 183
116 184

117 177
117 178
117 179

118 172
118 173
118 174
118 194
118 195
118 196
118 197

119 168
119 193
119 195
119 196
119 197

120 162
120 185
120 186
120 187
120 188

121 154
121 156
121 157
121 180
121 181
121 182

122 150
122 151
122 175
122 176
122 177

123 145
123 146
123 147
123 170
123 171
123 172
123 193
123 194
123 195
123 196
123 197
123 198

124 140
124 141
124 142
124 165
124 166
124 193
124 194

125 136
125 160
125 184
125 185
125 186
125 187
125 188

126 154
126 157
126 178
126 179
126 180

127 148
127 151
127 173
127 174
127 179

128 143
128 145
128 168
128 169
128 173
128 174
128 192
128 193
128 194
128 195
128 196
128 197

129 137
129 139

130 133
130 134
130 159
130 160
130 184
130 185
130 186
130 187

131 127
131 128
131 130
131 176
131 177
131 178

132 122
132 123
132 124
132 148
132 171
132 172

133 118
133 119
133 142
133 192
133 193
133 194
133 195
133 196
133 197
133 198

134 113
134 136
134 138
134 162
134 163
134 164
134 187
134 188

135 132
135 133
135 182
135 183
135 184
135 185

136 126
136 127
136 176
136 177
136 178
136 179

137 121
137 123
137 146
137 147
137 172
137 173
137 174
137 194
137 195
137 196

138 115
138 117
138 118
138 141
138 142
138 165
138 166
138 167
138 168
138 169
138 195

139 111
139 112
139 135
139 136
139 160
139 161
139 162
139 163
139 164
139 185

140 105
140 106
140 108
140 130
140 131
140 132
140 155
140 156
140 157
140 158
140 181

141 100
141 102
141 124
141 125
141 126
141 150
141 151
141 152
141 153

142 94
142 96
142 97
142 119
142 120
142 121
142 145
142 146
142 147
142 148
142 169
142 170

143 91
143 114
143 115
143 116
143 139
143 140
143 141
143 142

144 85
144 109
144 110
144 111
144 134
144 135
144 136
144 137

145 103
145 104
145 105
145 106
145 129
145 130
145 131
145 132

146 99
146 100
146 101
146 124
146 125
146 126

147 93
147 94
147 95
147 96
147 119
147 120
147 121

148 88
148 89
148 90
148 114
148 115
148 116
148 138

149 84
149 109
149 110
149 133

150 104
150 105
150 127
150 128

151 99
151 122
151 123

152 66
152 67
152 116
152 117
152 118

153 61
153 111
153 112
153 113

154 56
154 57
154 105
154 106
154 107

155 100
155 101
155 102

156 95
156 96
156 97

157 89
157 90
157 91
157 92

158 84
158 85
158 86
158 87

159 55
159 79
159 80
159 81
159 82

160 48
160 73
160 74
160 75
160 76

161 43
161 44
161 45
161 46
161 68
161 69
161 70
161 71

162 39
162 40
162 41
162 63
162 64
162 65
162 66

163 58
163 59
163 60
163 61

164 28
164 29
164 30
164 53
164 54
164 55

165 24
165 25
165 26
165 47
165 48
165 49
165 50

166 21
166 42
166 43
166 44
166 45
166 46

167 38
167 39
167 40

168 31
168 32
168 33

169 25
169 26
169 27
169 28
169 29

170 21
170 22
170 23
170 24
170 25

171 17
171 18
171 19
171 20
171 21

172 14
172 15
172 16




























