141 197
141 198
141 199
142 197
142 198
142 199
143 193
144 191
144 192
144 193
145 189
145 190
147 185
147 186
148 183
148 184
149 180
149 181
149 182
150 179
150 180
151 176
151 177
151 178
152 174
152 175
152 176
153 172
153 173
153 174
154 170
154 171
155 168
155 169
156 166
156 167
157 164
157 165
158 162
158 163
159 159
159 160
159 161
160 157
160 158
160 159
161 155
161 156
161 157
162 153
162 154
163 151
163 152
164 149
164 150
165 147
165 148
166 145
166 146
167 143
167 144
168 141
168 142
169 138
169 139
169 140
170 136
170 137
171 134
171 135
172 132
172 133
173 130
173 131
174 128
174 129
