136 196
136 197
136 198
136 199
137 197
137 198
137 199
138 191
138 192
138 193
139 191
139 192
139 193
139 194
141 186
141 187
141 188
142 185
142 186
142 187
145 178
145 179
146 176
146 177
146 178
147 174
147 175
148 172
148 173
149 170
149 171
150 167
150 168
151 165
151 166
152 163
152 164
153 161
153 162
154 159
154 160
155 157
155 158
156 154
156 155
156 156
157 152
157 153
158 150
158 151
159 148
159 149
160 146
160 147
161 144
161 145
162 142
162 143
163 140
163 141
164 138
164 139
165 137
