







































































































104 198
104 199

105 198
105 199




109 196
109 197
109 198

110 196
110 197
110 198
110 199


112 191
112 192
112 193

113 192
113 193
113 194

114 188

115 187
115 188
115 189
115 197
115 198
115 199


117 191
117 192
117 193

118 190
118 191
118 192
118 193
118 194


120 185
120 186
120 187
120 188
120 196
120 197
120 198
120 199

121 186
121 187
121 197
121 198
121 199

122 181
122 182
122 192
122 193

123 181
123 182
123 183
123 191
123 192
123 193
123 194


125 176
125 177
125 186
125 187
125 188
125 197
125 198
125 199

126 185
126 186
126 187
126 188
126 196
126 197
126 198
126 199


128 180
128 181
128 182
128 191
128 192
128 193
128 194

129 180
129 181
129 191
129 192
129 193

130 175
130 176
130 177
130 185
130 186
130 197
130 198

131 175
131 176
131 177
131 185
131 186
131 187
131 188
131 197
131 198
131 199


133 170
133 171
133 172
133 180
133 181
133 182
133 183
133 191
133 192
133 193
133 194

134 181
134 182
134 191
134 192
134 193
134 194


136 174
136 175
136 176
136 185
136 186
136 187
136 188
136 196
136 197
136 198
136 199

137 173
137 174
137 197
137 198
137 199

138 191
138 192
138 193

139 168
139 169
139 179
139 180
139 181
139 182
139 191
139 192
139 193
139 194

140 166
140 167
140 168

141 164
141 165
141 166
141 186
141 187
141 188
141 197
141 198
141 199

142 162
142 163
142 185
142 186
142 187
142 197
142 198
142 199

143 160
143 161
143 171
143 172
143 193

144 158
144 159
144 169
144 170
144 171
144 191
144 192
144 193

145 156
145 167
145 168
145 178
145 179
145 189
145 190

146 165
146 166
146 176
146 177
146 178

147 162
147 163
147 174
147 175
147 185
147 186
147 196
147 197

148 160
148 161
148 172
148 173
148 183
148 184

149 158
149 159
149 170
149 171
149 180
149 181
149 182

150 156
150 157
150 167
150 168
150 179
150 180

151 154
151 155
151 165
151 166
151 176
151 177
151 178

152 152
152 153
152 163
152 164
152 174
152 175
152 176

153 150
153 151
153 161
153 162
153 172
153 173
153 174

154 148
154 149
154 159
154 160
154 170
154 171

155 147
155 157
155 158
155 168
155 169

156 154
156 155
156 156
156 166
156 167

157 152
157 153
157 164
157 165

158 150
158 151
158 162
158 163

159 148
159 149
159 159
159 160
159 161

160 146
160 147
160 157
160 158
160 159

161 144
161 145
161 155
161 156
161 157

162 142
162 143
162 153
162 154

163 140
163 141
163 151
163 152

164 138
164 139
164 149
164 150

165 137
165 147
165 148

166 145
166 146

167 143
167 144

168 141
168 142

169 138
169 139
169 140

170 136
170 137

171 134
171 135

172 132
172 133

173 130
173 131

174 128
174 129


176 134

177 132

178 130

179 128

180 126

181 123
181 124

182 121
182 122

183 119
183 120

184 118
















